9
0 15 90 9 54 59 86 15 39
15 0 52 49 93 25 45 43 25
90 52 0 38 64 22 6 5 3
9 49 38 0 59 25 71 52 63
54 93 64 59 0 62 14 49 57
59 25 22 25 62 0 67 87 32
86 45 6 71 14 67 0 80 41
15 43 5 52 49 87 80 0 72
39 25 3 63 57 32 41 72 0
