12
0 97 89 25 31 2 66 87 94 10 96 90
97 0 15 18 59 54 33 16 31 97 16 14
89 15 0 52 91 56 62 80 92 6 19 30
25 18 52 0 53 83 41 62 77 32 58 56
31 59 91 53 0 29 64 50 28 52 64 92
2 54 56 83 29 0 75 40 81 17 16 85
66 33 62 41 64 75 0 89 8 52 65 16
87 16 80 62 50 40 89 0 4 16 96 2
94 31 92 77 28 81 8 4 0 87 56 50
10 97 6 32 52 17 52 16 87 0 99 31
96 16 19 58 64 16 65 96 56 99 0 36
90 14 30 56 92 85 16 2 50 31 36 0
