15
0 56 39 67 42 31 26 1 17 85 88 61 68 45 44
56 0 83 34 26 89 39 30 29 49 58 6 43 7 17
39 83 0 45 78 89 34 92 97 26 37 30 11 2 67
67 34 45 0 56 54 7 8 20 20 82 10 7 83 40
42 26 78 56 0 45 88 50 91 40 3 57 42 65 99
31 89 89 54 45 0 72 15 7 20 6 71 54 30 85
26 39 34 7 88 72 0 35 74 51 32 56 68 97 95
1 30 92 8 50 15 35 0 87 20 8 71 29 83 23
17 29 97 20 91 7 74 87 0 80 92 17 4 74 33
85 49 26 20 40 20 51 20 80 0 37 72 34 63 84
88 58 37 82 3 6 32 8 92 37 0 89 67 21 64
61 6 30 10 57 71 56 71 17 72 89 0 99 89 19
68 43 11 7 42 54 68 29 4 34 67 99 0 74 17
45 7 2 83 65 30 97 83 74 63 21 89 74 0 67
44 17 67 40 99 85 95 23 33 84 64 19 17 67 0
